.094,.094,.094,201.765,199.265,204.265,199.01797718349076,1.2524977819440748,198.13217863915543,199.02191837308328,18.714323738429155
.122,.122,.122,218.694,214.694,222.694,221.86360932459505,1.625537169442146,220.6244407144385,221.86956418947096,23.124906811202944
.141,.141,.141,232.647,229.647,235.647,233.02991444677008,1.8786515756075817,231.52391606025301,233.03748702475212,25.991150202924455
.2,.2,.2,233,208,258,252.45824092900213,2.6645083656679045,249.97295206690893,252.47230148631513,34.36600872975328
.226,.226,.226,245.435,242.435,248.435,255.97139942798515,3.0107416820425654,252.97751892808628,255.9891050232355,37.843694357931696
.245,.245,.245,254.888,252.888,256.888,257.2165242647674,3.263723345650038,253.81966062126475,257.2372295079478,40.313748529311184
.264,.264,.264,256.341,253.841,258.841,257.58293991177794,3.51667265254974,253.7560280529382,257.6069446271583,42.727899426688765
.311,.311,.311,248.224,245.224,251.224,255.75417842466177,4.142234332084472,250.74463593525476,255.7877203599415,48.47966625343453
.376,.376,.376,250.059,247.059,253.059,249.4665391694154,5.00695119671908,242.53841797077285,249.51678044863394,55.97492639073607
.38,.38,.38,268.92,243.92000000000002,293.92,249.0015572615306,5.060146620592682,241.9446548654827,249.0529674637289,56.42033296249678
.414,.414,.414,251.565,249.065,254.065,244.86757011089657,5.512215797101292,236.66663008900858,244.92960501950077,60.137493516786215
.471,.471,.471,250.824,248.324,253.324,237.6594401071235,6.2696977551057484,227.34756919952085,237.74212622497467,66.10948104717302
.518,.518,.518,248.006,244.006,252.006,231.8801935315447,6.893871907369342,219.6557732245415,231.98264939883293,70.80849935302588
.546,.546,.546,243.635,241.635,245.635,228.61443657108452,7.26552492771092,215.181855614838,228.72985913778203,73.5179742750952
.565,.565,.565,239.588,237.588,241.588,226.49267884146767,7.517629946186378,212.21279531237397,226.61740517619563,75.32011014684481
.659,.659,.659,229.353,227.353,231.353,217.2685132893042,8.76374947375997,198.50419731325636,217.44518889086368,83.83040080882033
.66,.66,.66,250.75,225.75,275.75,217.18216949372334,8.77699525587834,198.36778714774613,217.3594497410271,83.9174902884123
.696,.696,.696,229.259,225.259,233.259,214.23744586846257,9.253681583322862,193.59175884288996,214.43720254444648,87.00703821516959
.894,.894,.894,222.465,219.465,225.465,203.12963434731572,11.869192181356786,171.65216766927207,203.476106885089,102.54576516169911
.941,.941,.941,220.647,216.647,224.647,201.53984817082346,12.488301855947999,167.36899919079067,201.92639273746227,105.90736832765184
.988,.988,.988,217.029,213.029,221.029,200.26500265563539,13.106668792242601,163.37687741427004,200.69343799808502,109.15519131377243
1.035,1.035,1.035,215.412,213.412,217.412,199.2680444247739,13.72425789375397,159.64802279556642,199.7401030930142,112.29403636436886
1.064,1.064,1.064,212.641,210.641,214.641,198.77679176054423,14.104920310392602,157.46749608721962,199.27659601563172,114.17835260280519
1.082,1.082,1.082,215.294,212.294,218.294,198.5154455807656,14.341034347698516,156.15722487745953,199.0327797130206,115.32834786832687
1.129,1.129,1.129,216.776,213.776,219.776,197.97715318245432,14.956963636448949,152.8818526409428,198.54134064081222,118.26225514697614
1.176,1.176,1.176,217.559,213.559,221.559,197.62639265872122,15.572011548721694,149.8017238515744,198.23894324519736,121.09960838830584
1.205,1.205,1.205,216.288,213.288,219.288,197.4930616748771,15.951054742319938,147.9907283740579,198.13617932399245,122.8037248162301
1.224,1.224,1.224,212.441,210.441,214.441,197.4370431799964,16.199200652045075,146.83894960118434,198.10047986167268,123.90141577949808
1.318,1.318,1.318,197.706,194.706,200.706,197.47790814100216,17.424544394011914,141.50966358843397,198.2451486192915,129.12099806817073
1.327,1.327,1.327,214.282,211.282,217.282,197.5063838457869,17.54165558644445,141.02919122431481,198.28384034144776,129.60288353152808
1.365,1.365,1.365,208.588,206.588,210.588,197.667544169893,18.03570924116943,139.0530232311496,198.48865163023453,131.60428732335973
1.459,1.459,1.459,197.553,188.553,206.553,198.31245563787238,19.254862327610155,134.4999769454947,199.24502449089744,136.33202164791075
1.506,1.506,1.506,207.835,205.335,210.335,198.74354701138785,19.862786651026816,132.3848041329491,199.73364206415488,138.58168845170206
1.525,1.525,1.525,209.188,206.188,212.188,198.9349737217866,20.108220491523255,131.55759496290395,199.94865416157128,139.47031287335994
1.553,1.553,1.553,205.318,202.318,208.318,199.23322658362545,20.4695675206725,130.3663130178277,200.28200560561004,140.75848591810472
1.6,1.6,1.6,201.8,198.8,204.8,199.7725903198823,21.07517394648262,128.43737750032523,200.88118577903217,142.86471514211783
1.61,1.61,1.61,217.83,192.83,242.83,199.89299017833508,21.203871935080972,128.03789697461286,201.01445646389536,143.30395518588776
1.619,1.619,1.619,195.153,192.153,198.153,200.0029065243404,21.31965324089068,127.68153247033865,201.13599934496028,143.69664207647295
1.647,1.647,1.647,198.082,191.082,205.082,200.35374584545443,21.679575340505107,126.59157914355232,201.52326779121458,144.90257042255223
1.694,1.694,1.694,200.365,197.365,203.365,200.9696938420232,22.28274152470204,124.82312132332892,202.20123247105397,146.87414718364576
1.807,1.807,1.807,201.982,198.982,204.982,202.557122870391,23.727674218029442,120.8572777549271,203.94212548987426,151.35494485847744
1.845,1.845,1.845,201.388,194.388,208.388,203.1154373750501,24.211867075415068,119.60620772712534,204.55340478059873,152.78284829899317
1.901,1.901,1.901,200.247,197.247,203.247,203.95307407440453,24.92379250770125,117.83135395560156,205.47031867733716,154.81781877019677
1.939,1.939,1.939,198.153,196.653,199.653,204.52873903263068,25.405763059135538,116.67102964300638,206.10060137441346,156.15292788229544
2.005,2.005,2.005,199.488,196.488,202.488,205.53676432301094,26.24066599861683,114.73469244505641,207.20505312473418,158.38669372472225
2.071,2.071,2.071,195.324,193.324,197.324,206.54842652783515,27.072707938736933,112.891670529006,208.3151075084586,160.5160868278235
2.071,2.071,2.071,191.324,189.824,192.824,206.54842652783515,27.072707938736933,112.891670529006,208.3151075084586,160.5160868278235
2.071,2.071,2.071,201.064,201.064,201.064,206.54842652783515,27.072707938736933,112.891670529006,208.3151075084586,160.5160868278235
2.071,2.071,2.071,212.064,212.064,212.064,206.54842652783515,27.072707938736933,112.891670529006,208.3151075084586,160.5160868278235
2.205,2.205,2.205,195.427,195.427,195.427,208.58677489517743,28.75290538288966,109.4076414746804,210.55918937232073,164.53487944640125
2.205,2.205,2.205,204.628,204.628,204.628,208.58677489517743,28.75290538288966,109.4076414746804,210.55918937232073,164.53487944640125
2.221,2.221,2.221,193.447,190.447,196.447,208.8271385051206,28.95268992424609,109.01284495911452,210.82464758677142,164.98860534362342
2.259,2.259,2.259,190.353,188.353,192.353,209.3944015330198,29.426448055415115,108.0920710319998,211.45195964693627,166.04467277059598
2.306,2.306,2.306,189.435,186.435,192.435,210.0881010870942,30.010974887733376,106.98485495858644,212.2208020720242,167.30975322150402
2.339,2.339,2.339,190.574,190.574,190.574,210.569298653472,30.420425715214982,106.22747118783042,212.75533327301105,168.1714473981738
2.339,2.339,2.339,208.375,208.375,208.375,210.569298653472,30.420425715214982,106.22747118783042,212.75533327301105,168.1714473981738
2.353,2.353,2.353,188.118,185.118,191.118,210.77186517041773,30.593890117487515,105.91098090293507,212.98066874704296,168.53051492808433
2.4,2.4,2.4,189.3,186.3,192.3,211.44458039563688,31.175170430587333,104.868808378747,213.73044198256625,169.70814022256454
2.428,2.428,2.428,193.929,190.929,196.929,211.83968988443237,31.520678555213284,104.26237483905322,214.17191082612482,170.38967254371977
2.447,2.447,2.447,190.082,188.582,191.582,212.10527476595644,31.754793001481726,103.85680771841933,214.46914571123938,170.84377372336718
2.472,2.472,2.472,191.103,191.103,191.103,212.4515150552461,32.06241977560293,103.33030728530417,214.85726660072828,171.4311082432397
2.472,2.472,2.472,199.804,199.804,199.804,212.4515150552461,32.06241977560293,103.33030728530417,214.85726660072828,171.4311082432397
2.494,2.494,2.494,189.265,187.265,191.265,212.75310325282936,32.33273549521626,102.87355063115125,215.19593102173818,171.93852409658766
2.541,2.541,2.541,190.647,188.647,192.647,213.38733490350123,32.908976069171416,101.91770172571096,215.91006322804938,172.9934656988414
2.57,2.57,2.57,219.58,194.58,244.58,213.77160886768485,33.26367041870077,101.34104831476712,216.34410675496198,173.6249823807531
2.588,2.588,2.588,187.529,186.029,189.029,214.00734130335874,33.48349337448654,100.98801088361333,216.61091029837706,174.0096401118509
2.605,2.605,2.605,189.914,189.914,189.914,214.22798914331156,33.6908690667074,100.6579520983351,216.86102921192835,174.36784234161638
2.605,2.605,2.605,198.914,198.914,198.914,214.22798914331156,33.6908690667074,100.6579520983351,216.86102921192835,174.36784234161638
2.635,2.635,2.635,189.512,188.012,191.012,214.61258623963693,34.05626655717523,100.08330638375776,217.2979324896557,174.9880575780479
2.682,2.682,2.682,189.794,188.294,191.294,215.202616431787,34.62727525893562,99.20248869260429,217.97067305246577,175.9296983455098
2.729,2.729,2.729,188.876,187.376,190.376,215.77705321009333,35.196499617660606,98.34452484509261,218.62874988749175,176.835513929702
2.736,2.736,2.736,191.704,191.704,191.704,215.86125355427583,35.28112385356009,98.21863804697502,218.72548659539794,176.96741444125314
2.736,2.736,2.736,196.804,196.804,196.804,215.86125355427583,35.28112385356009,98.21863804697502,218.72548659539794,176.96741444125314
2.776,2.776,2.776,188.959,187.459,190.459,216.33558503828118,35.76392026765541,97.5084433509857,219.27184804886969,177.70642829875382
2.8,2.8,2.8,196,180,212,216.61457505000584,36.0529651910713,97.08965067836469,219.59437702993037,178.1379800305401
2.824,2.824,2.824,192.241,190.241,194.241,216.88932363622914,36.34153240404876,96.67620813020737,219.9129047710831,178.56078258952502
2.867,2.867,2.867,192.674,192.674,192.674,217.37089943033808,36.85734631377938,95.94848190550377,220.47351744925743,179.2967865254369
2.867,2.867,2.867,199.174,199.174,199.174,217.37089943033808,36.85734631377938,95.94848190550377,220.47351744925743,179.2967865254369
2.871,2.871,2.871,189.824,187.824,191.824,217.41499683038828,36.905250159335274,95.88161884380601,220.52500614687864,179.36386612210248
2.918,2.918,2.918,192.406,190.906,193.906,217.9241666456609,37.46710871015324,95.10630528712234,221.12152008184148,180.13468366849608
2.936,2.936,2.936,193.559,192.059,195.059,218.1147743397335,37.68179254495163,94.81431867018838,221.3458205493694,180.42151956226235
2.974,2.974,2.974,185.865,184.365,187.365,218.50915037681847,38.13410578148481,94.20663082589196,221.8117643907837,181.01212181911387
2.997,2.997,2.997,190.221,190.221,190.221,218.7425561699719,38.407272568143554,93.84444770332507,222.08877609167237,181.35988279866575
2.997,2.997,2.997,197.922,197.922,197.922,218.7425561699719,38.407272568143554,93.84444770332507,222.08877609167237,181.35988279866575
3.031,3.031,3.031,190.424,188.924,191.924,219.08026694158977,38.81024826946082,93.3166170122275,222.49134530119463,181.86078413408507
3.059,3.059,3.059,193.353,191.853,194.853,219.35181898842805,39.141357870271484,92.88855687904389,222.8166654212848,182.2616665781546
3.106,3.106,3.106,191.435,189.935,192.935,219.79432009829696,39.69561079807393,92.18308295656959,223.35013916294028,182.91143687975628
3.126,3.126,3.126,193.146,193.146,193.146,219.9775619636001,39.930875225003184,91.8877182659916,223.57236538464295,183.17928964568935
3.126,3.126,3.126,203.246,203.246,203.246,219.9775619636001,39.930875225003184,91.8877182659916,223.57236538464295,183.17928964568935
3.162,3.162,3.162,191.094,189.594,192.594,220.29980647299817,40.35346170659227,91.36314089721733,223.965190607259,183.64865991867035
3.2,3.2,3.2,187.7,186.2,189.2,220.62939413071825,40.79827827271371,90.81905216071178,224.36984883113328,184.12660337196834
3.219,3.219,3.219,191.453,189.953,192.953,220.79013430541067,41.02020398028755,90.55062783699037,224.56834269590556,184.35894728024857
3.247,3.247,3.247,196.682,195.182,198.182,221.0221057749577,41.34666345640713,90.159357861712,224.8562158806689,184.6934186700897
3.254,3.254,3.254,217.847,217.847,217.847,221.0791869852701,41.42816838823572,90.06233031342099,224.92732171541996,184.77557458893506
3.254,3.254,3.254,206.147,206.147,206.147,221.0791869852701,41.42816838823572,90.06233031342099,224.92732171541996,184.77557458893506
3.304,3.304,3.304,201.441,199.941,202.941,221.47634939874695,42.00906231197018,89.37826807582712,225.42523075141085,185.34565693096627
3.332,3.332,3.332,197.071,195.571,198.571,221.69070482430138,42.333374860958024,89.00193685455956,225.69644045180223,185.65226709300728
3.369,3.369,3.369,193.776,192.276,195.276,221.96514951756203,42.76083691358709,88.51185623927529,226.04649250520137,186.04380383749893
3.381,3.381,3.381,216.824,216.824,216.824,222.05201502860533,42.89920490327182,88.35464145044355,226.1579960107466,186.16750344858647
3.381,3.381,3.381,202.324,202.324,202.324,222.05201502860533,42.89920490327182,88.35464145044355,226.1579960107466,186.16750344858647
3.407,3.407,3.407,195.482,193.982,196.982,222.23664001271206,43.19854982878734,88.01686331673444,226.3961988891377,186.43007385897596
3.445,3.445,3.445,197.688,196.188,199.188,222.49770292377397,43.63493677447341,87.53008316065743,226.73604811248754,186.8006101353556
3.482,3.482,3.482,197.694,195.694,199.694,222.74196018741085,44.05855976367552,87.06379043648434,227.05756432363026,187.14658463979765
3.507,3.507,3.507,200.174,200.174,200.174,222.9014928382671,44.34407362636585,86.75291395129432,227.26960284056597,187.37222759611288
3.507,3.507,3.507,200.074,200.074,200.074,222.9014928382671,44.34407362636585,86.75291395129432,227.26960284056597,187.37222759611288
3.529,3.529,3.529,199.176,197.176,201.176,223.0382338394731,44.594845352512046,86.48207972899475,227.45275110722653,187.56545637001972
3.576,3.576,3.576,197.059,195.059,199.059,223.31901379890243,45.129072646638264,85.91187532863151,227.83330555926176,187.9618079493319
3.59,3.59,3.59,223.11,198.11,248.11,223.3996838646951,45.28780471918536,85.74419550133916,227.94386152543962,188.07560181436315
3.6,3.6,3.6,208,193,223,223.45647704722703,45.401072223517716,85.62502352505301,228.02204826157265,188.15569905325728
3.614,3.614,3.614,196.465,194.965,197.965,223.53483199971916,45.5594889525935,85.45901446025024,228.13041917018467,188.26618889050476
3.632,3.632,3.632,197.198,197.198,197.198,223.6336010825336,45.76289673578137,85.2469862548113,228.2678914144334,188.40544653317306
3.632,3.632,3.632,201.198,201.198,201.198,223.6336010825336,45.76289673578137,85.2469862548113,228.2678914144334,188.40544653317306
3.671,3.671,3.671,195.724,193.724,197.724,223.84003824558903,46.20256569714205,84.7929533282802,228.55861348631228,188.6965012148336
3.689,3.689,3.689,198.276,196.776,199.776,223.9318522735596,46.4050049839344,84.58583222102449,228.68952523066355,188.82597632698963
3.746,3.746,3.746,197.635,196.135,199.135,224.2083266699123,47.04403515154153,83.93982659207327,229.0906261536285,189.21615638419865
3.756,3.756,3.756,199.594,199.594,199.594,224.25461419512345,47.1558271009863,83.82801113469509,229.15890560347373,189.28154991899305
3.756,3.756,3.756,219.795,219.795,219.795,224.25461419512345,47.1558271009863,83.82801113469509,229.15890560347373,189.28154991899305
3.784,3.784,3.784,201.041,199.541,202.541,224.38073437375743,47.468337155358824,83.51728934638255,229.34680505819458,189.4598775277594
3.821,3.821,3.821,201.947,200.447,203.447,224.53958024369183,47.8801474871764,83.111942990006,229.5877427464434,189.6848801500127
3.859,3.859,3.859,202.853,201.353,204.353,224.6935660136455,48.301721863012396,82.70172437510229,229.8265757976224,189.90358544836212
3.878,3.878,3.878,202.862,202.862,202.862,224.7671175483373,48.51198867369383,82.49887984799278,229.94275412820616,190.00831473908184
3.878,3.878,3.878,224.462,224.462,224.462,224.7671175483373,48.51198867369383,82.49887984799278,229.94275412820616,190.00831473908184
3.896,3.896,3.896,198.259,196.759,199.759,224.83469989394914,48.71086817709284,82.30808172063117,230.05084428223316,190.1047277059379
3.953,3.953,3.953,201.318,199.818,202.818,225.03539119019027,49.338590335990695,81.71250923044859,230.38060635492886,190.3923430143823
3.972,3.972,3.972,207.571,206.071,209.071,225.09783946175395,49.547132669598675,81.51683969819503,230.48634598632597,190.48234118752896
4,4,4,208.7,208.7,208.7,225.18586488452578,49.85382020860596,81.23102971340842,230.63841209387456,190.60971890462457
4,4,4,224.5,224.5,224.5,225.18586488452578,49.85382020860596,81.23102971340842,230.63841209387456,190.60971890462457
4.009,4.009,4.009,210.576,209.076,212.076,225.2131526561789,49.952236705123504,81.1397987284345,230.68634567563817,190.64934665889433
4.047,4.047,4.047,212.282,210.782,213.782,225.3230216372276,50.36690468827282,80.7579622625068,230.8837135174504,190.8097076100695
4.094,4.094,4.094,212.565,211.065,214.065,225.44709476260672,50.877837425871675,80.29306474726185,231.11673863663185,190.99275669439172
4.12,4.12,4.12,235.308,235.308,235.308,225.51019570753678,51.15955447646634,80.0393118720571,231.24045576473435,191.08690076457086
4.12,4.12,4.12,230.108,230.108,230.108,225.51019570753678,51.15955447646634,80.0393118720571,231.24045576473435,191.08690076457086
4.141,4.141,4.141,214.147,212.647,215.647,225.55831830856349,51.38661247680324,79.8361046833627,231.33771612088765,191.15930328091562
4.188,4.188,4.188,214.929,213.429,216.429,225.65692666600816,51.89322429555004,79.38685874413899,231.54687490902668,191.30977433566713
4.235,4.235,4.235,213.212,211.712,214.712,225.74315421469618,52.39766773016009,78.94511230193338,231.74444385650406,191.44458694013716
4.239,4.239,4.239,212.984,212.984,212.984,225.74992856396324,52.44049880601092,78.90785646583225,231.76073041319518,191.45535047452685
4.239,4.239,4.239,209.084,209.084,209.084,225.74992856396324,52.44049880601092,78.90785646583225,231.76073041319518,191.45535047452685
4.264,4.264,4.264,206.841,205.641,208.041,225.79028393062808,52.70783623492188,78.67619647304205,231.86066574139087,191.52013539430877
4.311,4.311,4.311,207.024,205.524,208.524,225.85698640755098,53.20876343281539,78.24614368117864,232.03997676079436,191.63048600465845
4.348,4.348,4.348,208.629,207.129,210.129,225.90120544199533,53.60157693916096,77.91250835956392,232.17339139210455,191.70705927965363
4.357,4.357,4.357,212.728,212.728,212.728,225.91087132059505,53.69692166915545,77.83199710604485,232.2048259136185,191.72433727500814
4.357,4.357,4.357,205.328,205.328,205.328,225.91087132059505,53.69692166915545,77.83199710604485,232.2048259136185,191.72433727500814
4.386,4.386,4.386,208.035,206.035,210.035,225.93914596846284,54.00359874391424,77.57425983923291,232.30343595877366,191.77647330546648
4.4,4.4,4.4,215,195,235,225.95123905401,54.15135193976883,77.45074791763838,232.34958865241632,191.79972886430383
4.424,4.424,4.424,219.141,217.641,220.641,225.96963426105268,54.404191645302475,77.24037881588788,232.426529631737,191.83673315893185
4.452,4.452,4.452,215.371,211.871,218.871,225.98740167545725,54.69845002088172,76.99710142793391,232.51285158182407,191.87539192176985
4.474,4.474,4.474,214.239,214.239,214.239,225.99860115388876,54.92910771740686,76.80755921009437,232.57810429648137,191.90240482025723
4.474,4.474,4.474,203.739,203.739,203.739,225.99860115388876,54.92910771740686,76.80755921009437,232.57810429648137,191.90240482025723
4.48,4.48,4.48,221.3,218.3,224.3,226.00123737937278,54.99193103508428,76.75610834407057,232.59551108302816,191.90926398151274
4.51,4.51,4.51,247.88,222.88,272.88,226.01175308874562,55.30551168306145,76.50039600089943,232.6800639435475,191.9403300432232
4.518,4.518,4.518,212.706,211.206,214.206,226.0138118818432,55.388982277320885,76.43263655801921,232.70191773829148,191.9477128227418
4.565,4.565,4.565,201.588,200.088,203.088,226.01964865385546,55.87808793439554,76.03815372673444,232.82448816397365,191.98354453457875
4.589,4.589,4.589,211.315,211.315,211.315,226.0185520951806,56.12699709273281,75.83905719374317,232.8832877083487,191.99694465361213
4.589,4.589,4.589,204.415,204.415,204.415,226.0185520951806,56.12699709273281,75.83905719374317,232.8832877083487,191.99694465361213
4.612,4.612,4.612,200.071,198.071,202.071,226.0149512891576,56.364997433550215,75.64971651130796,232.93726868391929,192.00673560272037
4.659,4.659,4.659,202.353,200.353,204.353,225.99994274026912,56.849708913837794,75.26717205346964,233.04047614565374,192.01762478589117
4.702,4.702,4.702,206.557,206.557,206.557,225.97736730048024,57.29124166777716,74.92222076839418,233.12669710672736,192.01709321638995
4.702,4.702,4.702,200.557,200.557,200.557,225.97736730048024,57.29124166777716,74.92222076839418,233.12669710672736,192.01709321638995
4.706,4.706,4.706,199.235,197.735,200.735,225.97484383713964,57.33222084955815,74.89037285164457,233.13432521780692,192.01654322077164
4.753,4.753,4.753,199.118,197.618,200.618,225.93987317732172,57.812532044259555,74.51917652199346,233.21902828189803,192.00381460877978
4.8,4.8,4.8,208.2,206.7,209.7,225.8952470287194,58.290641624728714,74.15344557235403,233.2947953366914,191.97975539697185
4.815,4.815,4.815,209.363,209.363,209.363,225.8790070047568,58.44276624427886,74.03785166642146,233.3171291005836,191.9697423416776
4.815,4.815,4.815,204.063,204.063,204.063,225.8790070047568,58.44276624427886,74.03785166642146,233.3171291005836,191.9697423416776
4.838,4.838,4.838,206.906,205.406,208.406,225.8522536335733,58.67558831576143,73.86165289749148,233.34966281433674,191.95223143590553
4.875,4.875,4.875,207.312,205.812,208.812,225.80456780650852,59.04902147615594,73.58082352353851,233.39770731430852,191.91866193980417
4.894,4.894,4.894,213.165,211.665,214.665,225.77788118479984,59.24025403020039,73.43785303033742,233.42034900552324,191.89887573657703
4.925,4.925,4.925,211.132,211.132,211.132,225.73118103248547,59.5514923713415,73.20636397568326,233.4543774144633,191.8629450430825
4.925,4.925,4.925,202.632,202.632,202.632,225.73118103248547,59.5514923713415,73.20636397568326,233.4543774144633,191.8629450430825
4.932,4.932,4.932,210.171,208.171,212.171,225.7200987759248,59.62163940402156,73.15439454082544,233.46156616590326,191.85421270101077
4.96,4.96,4.96,212.2,210.7,213.7,225.67381245415874,59.901739079264274,72.94761812812446,233.48851785969063,191.81703282691552
4.988,4.988,4.988,212.529,211.029,214.029,225.62442685556903,60.18105731633276,72.74258526853359,233.51261561983273,191.77629725602694
5.035,5.035,5.035,211.412,209.912,212.912,225.53468031133391,60.64815661952148,72.40227568229035,233.54676389211988,191.70008982133186
5.035,5.035,5.035,212.264,212.264,212.264,225.53468031133391,60.64815661952148,72.40227568229035,233.54676389211988,191.70008982133186
5.035,5.035,5.035,202.864,202.864,202.864,225.53468031133391,60.64815661952148,72.40227568229035,233.54676389211988,191.70008982133186
5.082,5.082,5.082,213.494,211.994,214.994,225.43652285527938,61.11305552026845,72.0666980209205,233.5731820909719,191.61430757712807
5.129,5.129,5.129,211.776,209.776,213.776,225.33015258167623,61.57575523968018,71.73574363073459,233.5920617140456,191.5192208101977
5.142,5.142,5.142,205.858,205.858,205.858,225.29930727709822,61.70334794052862,71.64500512035224,233.5959781473351,191.491313049888
5.142,5.142,5.142,201.058,201.058,201.058,225.29930727709822,61.70334794052862,71.64500512035224,233.5959781473351,191.491313049888
5.176,5.176,5.176,212.859,211.359,214.359,225.21576482071728,62.036257274117354,71.40930731910981,233.60359145432912,191.41509381564188
5.2,5.2,5.2,205,193,217,225.15432400518938,62.27056017275397,71.24432602672424,233.60670427550312,191.35851946191514
5.214,5.214,5.214,207.165,205.665,208.665,225.11755138909783,62.40697254015349,71.14861342575297,233.60766717950543,191.324473796342
5.224,6.027,4.422,201.092,180.925,221.258,225.09086822477371,62.50429073971334,71.08048297497865,233.60797357765222,191.29968916915277
5.224,6.027,4.422,201.092,180.925,221.258,225.09086822477371,62.50429073971334,71.08048297497865,233.60797357765222,191.29968916915277
5.248,5.248,5.248,207.412,207.412,207.412,225.02542264396337,62.73744925444085,70.91776513551585,233.6074236300034,191.23863638584794
5.248,5.248,5.248,200.912,200.912,200.912,225.02542264396337,62.73744925444085,70.91776513551585,233.6074236300034,191.23863638584794
5.271,5.271,5.271,211.124,209.624,212.624,224.96085990749026,62.96035631012427,70.76287120402911,233.60521175054137,191.1780725575718
5.286,6.097,4.474,235.414,214.616,256.213,224.91779199208972,63.105447708050676,70.66239852634432,233.60289100315188,191.13750482341584
5.286,6.097,4.474,235.414,214.616,256.213,224.91779199208972,63.105447708050676,70.66239852634432,233.60289100315188,191.13750482341584
5.294,6.018,4.569,201.869,183.653,220.086,224.89451448369417,63.18273854032782,70.60898778664446,233.60137220126074,191.11552674170747
5.294,6.018,4.569,201.869,183.653,220.086,224.89451448369417,63.18273854032782,70.60898778664446,233.60137220126074,191.11552674170747
5.299,5.299,5.299,209.153,207.653,210.653,224.87985779195645,63.23101308396722,70.5756675130762,233.60032417818985,191.10167034871256
5.336,5.336,5.336,209.459,207.959,210.959,224.7688331760653,63.58747456829297,70.33055486595603,233.5902294388684,190.99629191494807
5.353,5.353,5.353,205.926,205.926,205.926,224.7163224428944,63.75079945555399,70.21878854782727,233.58422464601745,190.9462171913128
5.353,5.353,5.353,195.826,195.826,195.826,224.7163224428944,63.75079945555399,70.21878854782727,233.58422464601745,190.9462171913128
5.365,5.365,5.365,207.588,205.588,209.588,224.67869432292835,63.8659153384116,70.14021472029177,233.57947432227223,190.91025067661658
5.412,5.412,5.412,207.471,205.971,208.971,224.52690231328637,64.31541412950142,69.83498757962217,233.55685037491259,190.76452317291134
5.456,5.456,5.456,210.6,210.6,210.6,224.37854171721594,64.73424283868326,69.55282485974088,233.52998132797003,190.62123424353948
5.456,5.456,5.456,197.6,197.6,197.6,224.37854171721594,64.73424283868326,69.55282485974088,233.52998132797003,190.62123424353948
5.459,5.459,5.459,203.353,201.853,204.853,224.3682096190763,64.76272973129076,69.53371081416589,233.52795260935676,190.61122769306803
5.506,5.506,5.506,205.535,204.035,207.035,224.20279180531668,65.20786540768422,69.23629994030915,233.49294971010332,190.45059012921658
5.53,5.53,5.53,253.14,228.14,278.14,224.1157851608291,65.43432906418626,69.08589505603476,233.47277481182923,190.36580212970748
5.534,5.534,5.534,206.465,204.965,207.965,224.10111954769613,65.47201786621123,69.060922745421,233.46926330034168,190.35149231160798
5.557,5.557,5.557,208.432,208.432,208.432,224.01588877979856,65.68842293169968,68.91785560476903,233.44825408012142,190.26823219336208
5.557,5.557,5.557,199.632,199.632,199.632,224.01588877979856,65.68842293169968,68.91785560476903,233.44825408012142,190.26823219336208
5.572,5.572,5.572,211.071,209.571,212.571,223.95948069179823,65.82927636324725,68.8250285672571,233.43380778766544,190.21304205328383
5.609,5.609,5.609,209.976,208.476,211.476,223.81760224949747,66.17576957147246,68.59764939701992,233.39569737913095,190.07395115246476
5.657,5.657,5.657,208.821,208.821,208.821,223.6278451407291,66.62327242291522,68.30600173694263,233.34110985984424,189.88737901317805
5.657,5.657,5.657,203.922,203.922,203.922,223.6278451407291,66.62327242291522,68.30600173694263,233.34110985984424,189.88737901317805
5.666,5.666,5.666,212.035,210.035,214.035,223.59156188085765,66.70692782597881,68.25173079342558,233.33023971251936,189.85164196581565
5.694,5.694,5.694,209.765,208.265,211.265,223.47728226407276,66.96668202315819,68.08371150723413,233.29516109282426,189.73896453245464
5.741,5.741,5.741,209.947,208.447,211.447,223.28077409859128,67.40097483890506,67.80444738646169,233.23206360039964,189.54483408744673
5.755,5.755,5.755,210.068,210.068,210.068,223.22112493245479,67.52992174142084,67.72192433898265,233.21226585776532,189.48582240990712
5.755,5.755,5.755,205.068,205.068,205.068,223.22112493245479,67.52992174142084,67.72192433898265,233.21226585776532,189.48582240990712
5.788,5.788,5.788,209.029,207.529,210.529,223.07853544669973,67.83311191977499,67.52859174993634,233.1638137656982,189.34461588278043
5.851,5.851,5.851,213.871,213.871,213.871,222.79873311832785,68.40898636878292,67.16405446720974,233.06450801255906,189.06702589567857
5.851,5.851,5.851,206.271,206.271,206.271,222.79873311832785,68.40898636878292,67.16405446720974,233.06450801255906,189.06702589567857
5.854,5.854,5.854,209.565,208.065,211.065,222.78516567192017,68.43631276348077,67.14684247671644,233.0595609455357,189.05355090798832
5.902,6.09,5.715,204.58,195.544,213.616,222.56514343397356,68.87234799876111,66.87323790587325,232.9777744563796,188.83486399502846
5.902,6.09,5.715,204.58,195.544,213.616,222.56514343397356,68.87234799876111,66.87323790587325,232.9777744563796,188.83486399502846
5.911,5.911,5.911,204.824,201.824,207.824,222.52327990116606,68.95385609952024,66.82230841753343,232.9618946715665,188.7932223033685
5.929,5.929,5.929,208.376,206.876,209.876,222.43898422902893,69.11663718337711,66.72079755197755,232.92962722758298,188.7093451990259
5.945,5.945,5.945,209.329,209.329,209.329,222.36342380324243,69.26106850465092,66.63095297656214,232.90038182859715,188.63412992603182
5.976,5.976,5.976,210.059,208.559,211.559,222.21535784038636,69.54020068621745,66.4579070225757,232.84223150367364,188.48666542386925
6,6,6,211,205,217,222.09923709020214,69.75566649638434,66.32485802621865,232.79588511055047,188.37095402164272
6.024,6.024,6.024,214.141,212.641,215.641,221.98183778818404,69.97057761312853,66.19260493744355,232.74840072347325,188.2539193505922
6.038,6.038,6.038,217.642,217.642,217.642,221.91277195223117,70.09568657172395,66.11582170925209,232.72018312016755,188.18504713250374
6.038,6.038,6.038,213.242,213.242,213.242,221.91277195223117,70.09568657172395,66.11582170925209,232.72018312016755,188.18504713250374
6.052,6.052,6.052,220.471,218.971,221.971,221.84328122468727,70.22060719046695,66.03930506760167,232.69158794149294,188.11573691299074
6.095,6.751,5.439,204.045,187.219,220.872,221.6272278481095,70.60311597321446,65.80594031446472,232.60143617089946,187.90016393468065
6.095,6.751,5.439,204.045,187.219,220.872,221.6272278481095,70.60311597321446,65.80594031446472,232.60143617089946,187.90016393468065
6.108,6.108,6.108,222.729,221.229,224.229,221.56114326258867,70.71840935651097,65.7358737706525,232.5735015554016,187.8342048845399
6.128,6.128,6.128,218.609,218.609,218.609,221.45879118334668,70.89546804801235,65.62851476748297,232.5299197568689,187.73203027796515
6.128,6.128,6.128,213.209,213.209,213.209,221.45879118334668,70.89546804801235,65.62851476748297,232.5299197568689,187.73203027796515
6.142,6.323,5.961,219.014,214.225,223.804,221.38665668573492,71.0191816309229,65.5536756776718,232.49898046661082,187.66000968024974
6.142,6.323,5.961,219.014,214.225,223.804,221.38665668573492,71.0191816309229,65.5536756776718,232.49898046661082,187.66000968024974
6.146,6.146,6.146,203.635,202.135,205.135,221.36597360356777,71.05449398374388,65.53234006256558,232.4900758844157,187.6393576945588
6.193,6.193,6.193,204.818,203.318,206.318,221.12054322640333,71.4682709327969,65.28319699815808,232.38332209275123,187.39425104613724
6.212,6.212,6.212,218.671,217.171,220.171,221.02008774188565,71.6349452760722,65.18328306929534,232.3390724138682,187.29390822945015
6.212,6.411,6.014,245.232,229.934,260.531,221.02008774188565,71.6349452760722,65.18328306929534,232.3390724138682,187.29390822945015
6.212,6.411,6.014,245.232,229.934,260.531,221.02008774188565,71.6349452760722,65.18328306929534,232.3390724138682,187.29390822945015
6.217,6.217,6.217,219.129,219.129,219.129,220.99353533927788,71.67874988412842,65.15706608594425,232.3273247956514,187.26738407711323
6.217,6.217,6.217,213.429,213.429,213.429,220.99353533927788,71.67874988412842,65.15706608594425,232.3273247956514,187.26738407711323
6.259,6.259,6.259,218.853,217.353,220.353,220.76860202078143,72.04577126923773,64.93808516923342,232.22697689112155,187.04267014974027
6.278,6.574,5.981,181.356,170.471,192.241,220.6657508893138,72.21125521179219,64.83974504839225,232.18061718155388,186.93991069007578
6.278,6.574,5.981,181.356,170.471,192.241,220.6657508893138,72.21125521179219,64.83974504839225,232.18061718155388,186.93991069007578
6.304,6.304,6.304,220.702,220.702,220.702,220.523922270623,72.43715323043993,64.70589549149592,232.116224038196,186.79820369892383
6.304,6.304,6.304,213.602,213.602,213.602,220.523922270623,72.43715323043993,64.70589549149592,232.116224038196,186.79820369892383
6.306,6.306,6.306,220.735,219.235,222.235,220.51296098546524,72.45450352740477,64.69563367309955,232.11122558803575,186.78725168402528
6.324,6.619,6.03,180.741,168.334,193.148,220.41398241184865,72.61048618823483,64.60349647893723,232.06595258060278,186.68835659331168
6.324,6.619,6.03,180.741,168.334,193.148,220.41398241184865,72.61048618823483,64.60349647893723,232.06595258060278,186.68835659331168
6.344,6.344,6.344,224.041,222.541,225.541,220.30332200862523,72.78344166773562,64.50158208123416,232.01504922964952,186.57779014332152
6.347,6.818,5.875,218.229,206.111,230.347,220.28666139777326,72.8093524640974,64.4863364835232,232.00735978847388,186.56114383412546
6.347,6.818,5.875,218.229,206.111,230.347,220.28666139777326,72.8093524640974,64.4863364835232,232.00735978847388,186.56114383412546
6.362,6.362,6.362,224.694,223.194,226.194,220.20311954513193,72.93877928308937,64.41027031878292,231.96870345095022,186.47767466515822
6.389,6.389,6.389,222.527,222.527,222.527,220.05175139023677,73.17121402987951,64.27402689006006,231.89825323300087,186.326444035974
6.389,6.389,6.389,208.327,208.327,208.327,220.05175139023677,73.17121402987951,64.27402689006006,231.89825323300087,186.326444035974
6.4,6.4,6.4,227.7,224.2,231.2,219.98972129656107,73.26571324863713,64.21876764378275,231.86923516061836,186.2644731928109
6.447,6.447,6.447,220.882,219.382,222.382,219.72237081050014,73.66820425283242,63.984255219230576,231.74322978767677,185.99740458116136
6.472,6.472,6.472,216.103,216.103,216.103,219.57866480408197,73.8814527568986,63.86055666325777,231.67489958692812,185.85387231070487
6.472,6.472,6.472,202.804,202.804,202.804,219.57866480408197,73.8814527568986,63.86055666325777,231.67489958692812,185.85387231070487
6.494,6.494,6.494,204.965,202.965,206.965,219.45136140629796,74.06862859534908,63.75229333144657,231.6140362004716,185.72673854958256
6.5,6.5,6.5,270.95,245.95,295.95,219.41650715936245,74.11959820221637,63.722862402742045,231.59731961245265,185.69193356381786
6.541,6.541,6.541,207.647,206.147,209.147,219.17681131072914,74.46699336294323,63.52283608077063,231.4817654089747,185.45261272828702
6.553,6.553,6.553,209.43,209.43,209.43,219.10616002435455,74.5683743277339,63.464647211079836,231.44751415925623,185.38208498832867
6.553,6.553,6.553,208.731,208.731,208.731,219.10616002435455,74.5683743277339,63.464647211079836,231.44751415925623,185.38208498832867
6.588,6.588,6.588,207.829,192.829,222.829,218.89883646336327,74.86330576104865,63.29583871569968,231.34652613446895,185.17516163582744
6.632,6.632,6.632,211.207,211.207,211.207,218.63560173458814,75.23246806739198,63.08552119542459,231.21732330722236,184.91252317765185
6.632,6.632,6.632,211.308,211.308,211.308,218.63560173458814,75.23246806739198,63.08552119542459,231.21732330722236,184.91252317765185
6.635,6.635,6.635,209.412,207.412,211.412,218.6175505476367,75.25757310955505,63.071257596223106,231.20842484171834,184.8945167428834
6.682,6.682,6.682,208.994,206.994,210.994,218.33306502198027,75.64980283865674,62.84905015857923,231.0675657711828,184.6108065346018
6.709,6.709,6.709,207.734,207.734,207.734,218.16823266705256,75.87420772592509,62.722456396991184,230.98543924477582,184.4464866619395
6.709,6.709,6.709,213.234,213.234,213.234,218.16823266705256,75.87420772592509,62.722456396991184,230.98543924477582,184.4464866619395
6.729,6.729,6.729,208.176,206.176,210.176,218.04548915097186,76.04000248477335,62.62917488136803,230.92405097124666,184.32415657153916
6.758,6.758,6.758,210.106,208.606,211.606,217.86655374277433,76.27975454463316,62.494652926871645,230.83421798585812,184.1458744076408
6.776,6.776,6.776,208.659,207.159,210.159,217.7549300364693,76.42817968654165,62.41159125295894,230.7779803304161,184.03468954923508
6.784,6.784,6.784,209.51,209.51,209.51,217.70518365122922,76.49405153727365,62.374781110415704,230.75286977457617,183.98514668740464
6.784,6.784,6.784,211.21,211.21,211.21,217.70518365122922,76.49405153727365,62.374781110415704,230.75286977457617,183.98514668740464
6.8,6.8,6.8,208,200,216,217.60544276867304,76.62562027923552,62.30135579819507,230.70243693062244,183.8858288832995
6.814,6.814,6.814,214.965,212.965,216.965,217.5179007661609,76.74055176684747,62.237320910033425,230.6580790676919,183.79867497663142
6.852,6.852,6.852,202.071,200.571,203.571,217.27904451161604,77.05161098674645,62.06450229404886,230.53662168847214,183.56095939029902
6.857,6.857,6.857,210.233,210.233,210.233,217.24748289002147,77.09244231460262,62.04187001298641,230.5205272510032,183.5295576240293
6.857,6.857,6.857,210.834,210.834,210.834,217.24748289002147,77.09244231460262,62.04187001298641,230.5205272510032,183.5295576240293
6.889,6.889,6.889,205.776,204.276,207.276,217.04476949217002,77.35322692083106,61.89760736750573,230.41691274508216,183.32792302185692
6.918,6.918,6.918,205.406,203.906,206.906,216.86000482386558,77.58876379659887,61.767734879618985,230.3221178256474,183.1442217437944
6.928,6.928,6.928,209.405,209.405,209.405,216.79606451787498,77.66980757666103,61.72314045110742,230.28923682932765,183.08066760203243
6.928,6.928,6.928,208.605,208.605,208.605,216.79606451787498,77.66980757666103,61.72314045110742,230.28923682932765,183.08066760203243
6.965,6.965,6.965,210.088,208.588,211.588,216.55848783916008,77.96888724246743,61.558976971913005,230.16673528773057,182.84460926696258
6.997,6.997,6.997,208.424,208.424,208.424,216.35177649218315,78.22655970024661,61.41804909617389,230.05974405327808,182.63932821708028
6.997,6.997,6.997,205.624,205.624,205.624,216.35177649218315,78.22655970024661,61.41804909617389,230.05974405327808,182.63932821708028
7.012,7.012,7.012,201.671,200.171,203.171,216.2544938015076,78.34702800816535,61.352321489399344,230.00926695909132,182.54275452400037
7.059,7.059,7.059,210.953,209.453,212.453,215.94811744413263,78.72319426709196,61.147733377755245,229.8498003986064,182.23876414646804
7.064,7.064,7.064,207.289,207.289,207.289,215.9153878664925,78.76309609436387,61.12608892789742,229.83272183026483,182.20630338828622
7.064,7.064,7.064,210.29,210.29,210.29,215.9153878664925,78.76309609436387,61.12608892789742,229.83272183026483,182.20630338828622
7.106,7.106,7.106,207.435,205.435,209.435,215.63945155339673,79.09739426871633,60.94517839549711,229.6884212283033,181.93274228391172
7.128,7.128,7.128,219.101,219.101,219.101,215.49420873396946,79.27187847110692,60.851054511690535,229.6122486153941,181.78882884393107
7.128,7.128,7.128,211.401,211.401,211.401,215.49420873396946,79.27187847110692,60.851054511690535,229.6122486153941,181.78882884393107
7.146,7.076,7.216,200.88,198.809,202.952,215.37502181933647,79.4143197882253,60.77436758202729,229.54963343709824,181.67077418232424
7.146,7.076,7.216,200.88,198.809,202.952,215.37502181933647,79.4143197882253,60.77436758202729,229.54963343709824,181.67077418232424
7.153,7.153,7.153,208.818,206.818,210.818,215.32858699888553,79.46963633513377,60.74462308990664,229.52521316442562,181.62479065379077
7.19,7.19,7.19,205.359,205.359,205.359,215.08237533361356,79.76130606459682,60.58812447982627,229.39549717524906,181.38106808889148
7.19,7.19,7.19,208.559,208.559,208.559,215.08237533361356,79.76130606459682,60.58812447982627,229.39549717524906,181.38106808889148
7.2,7.2,7.2,206,204,208,215.01561276326225,79.83992885769204,60.546034773822775,229.36025804825576,181.31500859032772
7.205,7.249,7.161,201.436,199.617,203.254,214.98219709377008,79.8792072971439,60.52502278819133,229.3426101396875,181.28194935968
7.205,7.249,7.161,201.436,199.617,203.254,214.98219709377008,79.8792072971439,60.52502278819133,229.3426101396875,181.28194935968
7.219,7.219,7.219,207.553,206.353,208.753,214.8885123352864,79.98907014496051,60.46630540765616,229.29309644280167,181.18928013802972
7.229,7.288,7.169,208.777,206.58,210.973,214.82148653987397,80.06743833493071,60.42446889437401,229.25764057217194,181.12299562907478
7.229,7.288,7.169,208.777,206.58,210.973,214.82148653987397,80.06743833493071,60.42446889437401,229.25764057217194,181.12299562907478
7.25,7.25,7.25,206.162,206.162,206.162,214.68044312607842,80.23172638234361,60.33689413240047,229.18294565499554,180.98355249529035
7.25,7.25,7.25,206.462,206.462,206.462,214.68044312607842,80.23172638234361,60.33689413240047,229.18294565499554,180.98355249529035
7.266,7.266,7.266,202.635,201.035,204.235,214.57272222778184,80.35663930126708,60.270425487456095,229.12582264780798,180.87709089977628
7.308,7.308,7.308,203.009,203.009,203.009,214.28891397189125,80.6834729127446,60.09698505452175,228.97502364344064,180.5967558714865
7.308,7.308,7.308,207.009,207.009,207.009,214.28891397189125,80.6834729127446,60.09698505452175,228.97502364344064,180.5967558714865
7.322,7.322,7.322,205.994,204.494,207.494,214.19398372949854,80.7920761783428,60.03950346790674,228.92449025632848,180.50303809750108
7.341,7.341,7.341,201.847,200.347,203.347,214.06489411303767,80.93919404553365,59.96175590992955,228.8557013149696,180.3756383908327
7.36,7.36,7.36,200.6,199.1,202.1,213.93551492694826,81.08599890092329,59.88430960710283,228.7866774198599,180.2480007678112
7.364,7.364,7.364,208.201,208.201,208.201,213.908240805683,81.11686535488639,59.8680433268606,228.77211659112837,180.22109992462325
7.364,7.364,7.364,206.801,206.801,206.801,213.908240805683,81.11686535488639,59.8680433268606,228.77211659112837,180.22109992462325
7.393,7.251,7.536,205.94,202.216,209.664,213.71013119906658,81.3402335073411,59.75050787473586,228.66624972686947,180.0257662331825
7.393,7.251,7.536,205.94,202.216,209.664,213.71013119906658,81.3402335073411,59.75050787473586,228.66624972686947,180.0257662331825
7.4,7.597,7.202,212.588,207.498,217.677,213.66221490835414,81.39404117825029,59.722240813030034,228.6406176051631,179.97853846061957
7.4,7.597,7.202,212.588,207.498,217.677,213.66221490835414,81.39404117825029,59.722240813030034,228.6406176051631,179.97853846061957
7.417,7.417,7.417,200.637,200.637,200.637,213.54569290217674,81.52454113370794,59.65375891172836,228.5782442931357,179.86371874672224
7.417,7.417,7.417,206.637,206.637,206.637,213.54569290217674,81.52454113370794,59.65375891172836,228.5782442931357,179.86371874672224
7.435,7.435,7.435,205.412,201.412,209.412,213.42208238954723,81.66244644662285,59.58150482018206,228.51201371292981,179.74195758607445
7.469,7.469,7.469,203.116,203.116,203.116,213.18795361594914,81.92217514451836,59.445738196195414,228.38639702785545,179.5114552037117
7.469,7.469,7.469,205.016,205.016,205.016,213.18795361594914,81.92217514451836,59.445738196195414,228.38639702785545,179.5114552037117
7.473,7.473,7.473,205.318,203.818,206.818,213.16035488967503,81.95266631854543,59.42982659575083,228.37157531840748,179.484294662242
7.511,7.511,7.511,209.224,206.224,212.224,212.8976130804585,82.24165018003133,59.27930089841296,228.23032813298775,179.22583829862222
7.518,7.518,7.518,202.039,202.039,202.039,212.84910581687978,82.29474960495371,59.25169703153867,228.2042235796422,179.17814484963435
7.518,7.518,7.518,197.939,197.939,197.939,212.84910581687978,82.29474960495371,59.25169703153867,228.2042235796422,179.17814484963435
7.558,7.558,7.558,204.906,203.706,206.106,212.57129926158348,82.59737476043617,59.09469702843682,228.05456274118615,178.90513600208388
7.56,7.56,7.56,267.8,242.8,292.8,212.5573816216586,82.61247032627492,59.08687975252084,228.04705815963746,178.8914648752709
7.564,7.564,7.564,200.904,200.904,200.904,212.5295386683924,82.64265127598014,59.071254503073376,228.03204296002562,178.86411685362546
7.564,7.564,7.564,205.904,205.904,205.904,212.5295386683924,82.64265127598014,59.071254503073376,228.03204296002562,178.86411685362546
7.567,7.567,7.567,205.282,204.082,206.482,212.5086497613379,82.66527808172816,59.05954369750587,228.02077629838124,178.84360081449466
7.591,7.593,7.588,203.481,203.054,203.909,212.34133434952685,82.84601798428127,58.966107314092724,227.93048275557484,178.67932006216463
7.591,7.593,7.588,203.481,203.054,203.909,212.34133434952685,82.84601798428127,58.966107314092724,227.93048275557484,178.67932006216463
7.6,7.6,7.6,203,195,211,212.27849874053024,82.91366976805448,58.931182829055636,227.89655035111718,178.61764626371757
7.608,7.608,7.608,201.711,201.711,201.711,212.22260323119582,82.97374721639778,58.90019088222172,227.8663556766471,178.56279443592123
7.608,7.608,7.608,206.111,206.111,206.111,212.22260323119582,82.97374721639778,58.90019088222172,227.8663556766471,178.56279443592123
7.624,7.624,7.624,200.241,198.941,201.541,212.11069610998248,83.09374002467179,58.838353394430705,227.8058757704662,178.4530057533239
7.65,7.65,7.65,202.561,202.561,202.561,211.92852309354268,83.288268181903,58.73828154936603,227.7073440127719,178.27436410738247
7.65,7.65,7.65,207.161,207.161,207.161,211.92852309354268,83.288268181903,58.73828154936603,227.7073440127719,178.27436410738247
7.671,7.671,7.671,200.424,198.924,201.924,211.78109758034603,83.44497206045041,58.65782598458155,227.62753931478807,178.1298718126288
7.69,7.69,7.69,202.052,202.052,202.052,211.64749816060757,83.58643291366302,58.58531701482035,227.55516967292715,177.9989890669342
7.69,7.69,7.69,209.752,209.752,209.752,211.64749816060757,83.58643291366302,58.58531701482035,227.55516967292715,177.9989890669342
7.718,7.718,7.718,202.706,201.206,204.206,211.45025340350085,83.79435072112608,58.478950121455625,227.44824219408645,177.80585740766142
7.727,7.727,7.727,201.285,201.285,201.285,211.3867638989965,83.86104233525388,58.444883608250876,227.41380427152026,177.74371786455
7.727,7.727,7.727,207.985,207.985,207.985,211.3867638989965,83.86104233525388,58.444883608250876,227.41380427152026,177.74371786455
7.755,7.755,7.755,199.812,198.512,201.112,211.18897016098256,84.06809554453662,58.339278414783124,227.30645790681294,177.55021137513833
7.762,7.762,7.762,203.659,203.659,203.659,211.13945883790544,84.11975688505834,58.31296644225164,227.27957360212747,177.50179261761176
7.762,7.762,7.762,206.659,206.659,206.659,211.13945883790544,84.11975688505834,58.31296644225164,227.27957360212747,177.50179261761176
7.774,7.774,7.774,199.565,198.065,201.065,211.05452490484416,84.20822445143313,58.26794291235625,227.23344284693752,177.41875105721547
7.795,7.795,7.795,204.074,204.074,204.074,210.9057190588443,84.36275516022407,58.18940205049708,227.152584818998,177.27331606616528
7.795,7.795,7.795,205.574,205.574,205.574,210.9057190588443,84.36275516022407,58.18940205049708,227.152584818998,177.27331606616528
7.812,7.812,7.812,202.471,200.971,203.971,210.78510075091663,84.48758388557673,58.126053446346155,227.08701092179717,177.15548199351508
7.825,7.825,7.825,208.829,208.829,208.829,210.6927708594944,84.58287990350476,58.077749753098864,227.03679716121377,177.06531485513443
7.825,7.825,7.825,204.43,204.43,204.43,210.6927708594944,84.58287990350476,58.077749753098864,227.03679716121377,177.06531485513443
7.83,7.88,7.781,238.754,216.757,260.751,210.657238375542,84.61949505406847,58.059203449016515,227.01746854199445,177.03062198495059
7.83,7.88,7.781,238.754,216.757,260.751,210.657238375542,84.61949505406847,58.059203449016515,227.01746854199445,177.03062198495059
7.853,7.853,7.853,211.725,211.725,211.725,210.49364149591338,84.78765920179332,57.974118712528,226.92844745234027,176.87094324075025
7.853,7.853,7.853,202.625,202.625,202.625,210.49364149591338,84.78765920179332,57.974118712528,226.92844745234027,176.87094324075025
7.859,7.859,7.859,211.553,210.053,213.053,210.45092481555633,84.83145644948155,57.95198414523857,226.90519553122454,176.82926383378185
7.878,7.878,7.878,209.162,209.162,209.162,210.3155505469508,84.9699524415256,57.8820582506096,226.83148727586772,176.69721579330078
7.878,7.878,7.878,202.562,202.562,202.562,210.3155505469508,84.9699524415256,57.8820582506096,226.83148727586772,176.69721579330078
7.902,7.902,7.902,210.638,210.638,210.638,210.14432892606095,85.14447118699334,57.79409154590149,226.7382189960423,176.53028631568574
7.902,7.902,7.902,202.138,202.138,202.138,210.14432892606095,85.14447118699334,57.79409154590149,226.7382189960423,176.53028631568574
7.906,7.906,7.906,209.835,208.335,211.335,210.115768365138,85.17351175366358,57.77946938461856,226.7226570506878,176.50245098096127
7.922,7.922,7.922,213.154,213.154,213.154,210.00146002554453,85.28954310925535,57.721091527444955,226.66036128235106,176.39107184097486
7.922,7.922,7.922,203.954,203.954,203.954,210.00146002554453,85.28954310925535,57.721091527444955,226.66036128235106,176.39107184097486
7.94,7.94,7.94,225.509,225.509,225.509,209.87273903258017,85.41982835700814,57.65562747465764,226.5901888113831,176.26570046947697
7.94,7.94,7.94,202.109,202.109,202.109,209.87273903258017,85.41982835700814,57.65562747465764,226.5901888113831,176.26570046947697
7.953,7.953,7.953,211.118,209.618,212.618,209.77969400392055,85.51375889323764,57.60848616313906,226.53945125833894,176.17511047630603
7.956,7.956,7.956,235.504,235.504,235.504,209.7582127207712,85.53541561776596,57.59762381060298,226.52773589279585,176.15420002222223
7.956,7.956,7.956,202.104,202.104,202.104,209.7582127207712,85.53541561776596,57.59762381060298,226.52773589279585,176.15420002222223
7.965,7.963,7.967,199.13,196.116,202.143,209.69374808810574,85.60034183652034,57.565073582622986,226.4925749550459,176.09145752966265
7.965,7.963,7.967,199.13,196.116,202.143,209.69374808810574,85.60034183652034,57.565073582622986,226.4925749550459,176.09145752966265
7.97,7.97,7.97,209.039,209.039,209.039,209.65792104776784,85.63638348625058,57.547013951250705,226.47303158362195,176.0565934979669
7.97,7.97,7.97,203.039,203.039,203.039,209.65792104776784,85.63638348625058,57.547013951250705,226.47303158362195,176.0565934979669
7.981,7.981,7.981,210.413,210.413,210.413,209.57906840346243,85.71560359392973,57.50734251774731,226.43001261390876,175.9798752504255
7.981,7.981,7.981,200.013,200.013,200.013,209.57906840346243,85.71560359392973,57.50734251774731,226.43001261390876,175.9798752504255
7.989,7.989,7.989,208.726,208.726,208.726,209.52169274158098,85.77315650243733,57.478542043915105,226.39870606010336,175.92406552622109
7.989,7.989,7.989,200.526,200.526,200.526,209.52169274158098,85.77315650243733,57.478542043915105,226.39870606010336,175.92406552622109
7.995,7.995,7.995,211.778,211.778,211.778,209.4786455652408,85.8162871088278,57.456970062654754,226.37521525333233,175.88220035910877
7.995,7.995,7.995,200.078,200.078,200.078,209.4786455652408,85.8162871088278,57.456970062654754,226.37521525333233,175.88220035910877
7.995,7.986,8.004,203.38,201.857,204.903,209.4786455652408,85.8162871088278,57.456970062654754,226.37521525333233,175.88220035910877
7.995,7.986,8.004,203.38,201.857,204.903,209.4786455652408,85.8162871088278,57.456970062654754,226.37521525333233,175.88220035910877
7.999,7.999,7.999,209.67,209.67,209.67,209.4499401686999,85.84502463080257,57.44260222795586,226.3595495898838,175.85428657122452
7.999,7.999,7.999,200.07,200.07,200.07,209.4499401686999,85.84502463080257,57.44260222795586,226.3595495898838,175.85428657122452
8,8,8,200,200,200,209.44276291492193,85.85220698515124,57.439011953117024,226.35563253795442,175.84730767025945
8,8,8,207.5,206,209,209.44276291492193,85.85220698515124,57.439011953117024,226.35563253795442,175.84730767025945
8,8,8,200,200,200,209.44276291492193,85.85220698515124,57.439011953117024,226.35563253795442,175.84730767025945
8.048,7.941,8.155,197.144,193.79,200.499,209.09784095325026,86.19600872619588,57.26746648703168,226.16732525198503,175.51211937382917
8.048,7.941,8.155,197.144,193.79,200.499,209.09784095325026,86.19600872619588,57.26746648703168,226.16732525198503,175.51211937382917
8.055,7.656,8.455,201.386,191.175,211.597,209.04747412158142,86.24599108348785,57.24257763567712,226.13981828635644,175.46320698303953
8.055,7.656,8.455,201.386,191.175,211.597,209.04747412158142,86.24599108348785,57.24257763567712,226.13981828635644,175.46320698303953
8.073,8.046,8.099,187.494,186.515,188.472,208.91788565414896,86.37433599579404,57.178726441643434,226.06903561725207,175.33739954186038
8.073,8.046,8.099,187.494,186.515,188.472,208.91788565414896,86.37433599579404,57.178726441643434,226.06903561725207,175.33739954186038
8.092,8.054,8.13,202.093,201.057,203.13,208.78098544032804,86.50952864079922,57.11155922303469,225.99424423442233,175.20455468802336
8.092,8.054,8.13,202.093,201.057,203.13,208.78098544032804,86.50952864079922,57.11155922303469,225.99424423442233,175.20455468802336
8.138,8.106,8.17,211.652,210.369,212.934,208.4490873313774,86.83563910478634,56.94991909550392,225.81286550597798,174.88274952165608
8.138,8.106,8.17,211.652,210.369,212.934,208.4490873313774,86.83563910478634,56.94991909550392,225.81286550597798,174.88274952165608
8.177,8.112,8.243,193.441,191.241,195.642,208.1672212708735,87.11080087850567,56.81394615394981,225.65877700929667,174.60974683410345
8.177,8.112,8.243,193.441,191.241,195.642,208.1672212708735,87.11080087850567,56.81394615394981,225.65877700929667,174.60974683410345
8.26,8.158,8.361,189.373,186.781,191.965,207.56605252857096,87.69238488334132,56.527780088160284,225.33002580397834,174.02838485886284
8.26,8.158,8.361,189.373,186.781,191.965,207.56605252857096,87.69238488334132,56.527780088160284,225.33002580397834,174.02838485886284
8.305,8.266,8.344,198.369,196.942,199.796,207.23945995344903,88.0054308989189,56.374426370560926,225.1513926883456,173.7130718516435
8.305,8.266,8.344,198.369,196.942,199.796,207.23945995344903,88.0054308989189,56.374426370560926,225.1513926883456,173.7130718516435
8.34,8.34,8.34,270.52,245.51999999999998,295.52,206.98516158005523,88.24781411180082,56.25601034045167,225.01229701914633,173.46781124800694
8.378,8.34,8.416,231.714,222.55,240.877,206.70881331235665,88.50989103708808,56.12828547034574,224.86114451456464,173.20153891085795
8.378,8.34,8.416,231.714,222.55,240.877,206.70881331235665,88.50989103708808,56.12828547034574,224.86114451456464,173.20153891085795
8.383,8.259,8.508,165.661,162.084,169.239,206.67243342989175,88.54429123104433,56.11154425081557,224.84124677078498,173.16650528801756
8.383,8.259,8.508,165.661,162.084,169.239,206.67243342989175,88.54429123104433,56.11154425081557,224.84124677078498,173.16650528801756
8.436,8.3,8.572,209.601,204.257,214.946,206.28656852914617,88.9077421980024,55.93500338135587,224.63021831061948,172.79520448513284
8.436,8.3,8.572,209.601,204.257,214.946,206.28656852914617,88.9077421980024,55.93500338135587,224.63021831061948,172.79520448513284
8.441,8.396,8.485,192.557,189.094,196.021,206.25014512162855,88.941917928645,55.91843446503476,224.61030058196053,172.7601828161748
8.441,8.396,8.485,192.557,189.094,196.021,206.25014512162855,88.941917928645,55.91843446503476,224.61030058196053,172.7601828161748
8.462,8.3,8.623,188.915,184.846,192.984,206.09713045081057,89.08524558535886,55.849005454089934,224.52663129584903,172.61310785053385
8.462,8.3,8.623,188.915,184.846,192.984,206.09713045081057,89.08524558535886,55.849005454089934,224.52663129584903,172.61310785053385
8.562,8.374,8.751,201.026,196.227,205.824,205.36779694868787,89.76311782710142,55.52190292502162,224.12797537478355,171.91322395580636
8.562,8.374,8.751,201.026,196.227,205.824,205.36779694868787,89.76311782710142,55.52190292502162,224.12797537478355,171.91322395580636
8.607,8.381,8.832,168.311,162.562,174.061,205.03930247234615,90.06567399497843,55.376570061865124,223.94852352832334,171.5986127465222
8.607,8.381,8.832,168.311,162.562,174.061,205.03930247234615,90.06567399497843,55.376570061865124,223.94852352832334,171.5986127465222
8.628,8.387,8.869,196.398,189.619,203.177,204.88595886021994,90.20634214347443,55.30913749089561,223.8647812876722,171.45188249243623
8.628,8.387,8.869,196.398,189.619,203.177,204.88595886021994,90.20634214347443,55.30913749089561,223.8647812876722,171.45188249243623
8.741,8.601,8.881,199.124,194.804,203.444,204.06050507126776,90.95757815172703,54.95046781386543,223.41434768870243,170.66348886176945
8.741,8.601,8.881,199.124,194.804,203.444,204.06050507126776,90.95757815172703,54.95046781386543,223.41434768870243,170.66348886176945
8.785,8.505,9.065,179.804,172.718,186.89,203.73902552092667,91.24751593344521,54.81268434060031,223.2391087695907,170.35711398678094
8.785,8.505,9.065,179.804,172.718,186.89,203.73902552092667,91.24751593344521,54.81268434060031,223.2391087695907,170.35711398678094
8.853,8.54,9.166,192.623,184.712,200.534,203.24223309467973,91.69278365433483,54.601770105732115,222.9685446146895,169.88441026514596
8.853,8.54,9.166,192.623,184.712,200.534,203.24223309467973,91.69278365433483,54.601770105732115,222.9685446146895,169.88441026514596
8.862,8.753,8.971,192.245,189.166,195.324,203.17648997540596,91.7514609691582,54.57403704539449,222.9327626633223,169.82192322300563
8.862,8.753,8.971,192.245,189.166,195.324,203.17648997540596,91.7514609691582,54.57403704539449,222.9327626633223,169.82192322300563
8.98,8.66,9.3,159.935,151.919,167.951,202.31489121219641,92.51531053081199,54.214291413362346,222.46437442614365,169.0044843298649
8.98,8.66,9.3,159.935,151.919,167.951,202.31489121219641,92.51531053081199,54.214291413362346,222.46437442614365,169.0044843298649
9.12,8.8,9.44,193,186.5,199.5,201.29409279767572,93.40851732938276,53.79656362656657,221.91093462223282,168.03962113643732
9.164,8.744,9.583,173.001,161.723,184.279,200.9737269874643,93.68634891502793,53.667258905577505,221.7376172692856,167.73762843902648
9.164,8.744,9.583,173.001,161.723,184.279,200.9737269874643,93.68634891502793,53.667258905577505,221.7376172692856,167.73762843902648
9.194,7.758,10.631,201.865,165.887,237.844,200.75544583052795,93.87499383803977,53.57962929467153,221.61963698802967,167.53209173134456
9.194,7.758,10.631,201.865,165.887,237.844,200.75544583052795,93.87499383803977,53.57962929467153,221.61963698802967,167.53209173134456
9.207,8.972,9.442,177.061,170.812,183.31,200.66089758350594,93.95654283551406,53.54178954089114,221.56856221183557,167.44312076607193
9.207,8.972,9.442,177.061,170.812,183.31,200.66089758350594,93.95654283551406,53.54178954089114,221.56856221183557,167.44312076607193
9.291,8.839,9.743,174.977,163.614,186.339,200.050608339259,94.48061634531038,53.29920413339947,221.23931106812222,166.8696655297026
9.291,8.839,9.743,174.977,163.614,186.339,200.050608339259,94.48061634531038,53.29920413339947,221.23931106812222,166.8696655297026
9.34,9.34,9.34,160,157.98,162.01,199.69516230083573,94.78405334950891,53.15920973427568,221.04790117917807,166.53634180242318
9.346,8.622,10.07,162.471,144.369,180.574,199.65166861058864,94.82109448796251,53.14214326380507,221.0244980514319,166.49558910725548
9.346,8.622,10.07,162.471,144.369,180.574,199.65166861058864,94.82109448796251,53.14214326380507,221.0244980514319,166.49558910725548
9.383,8.893,9.872,191.772,179.462,204.082,199.38361038365295,95.04896533667763,53.03726201471376,220.88035200350723,166.2445884444585
9.383,8.893,9.872,191.772,179.462,204.082,199.38361038365295,95.04896533667763,53.03726201471376,220.88035200350723,166.2445884444585
9.396,8.847,9.946,164.06,150.271,177.849,199.2894918577108,95.12880409063186,53.000558999687975,220.82977818360095,166.15652629228683
9.396,8.847,9.946,164.06,150.271,177.849,199.2894918577108,95.12880409063186,53.000558999687975,220.82977818360095,166.15652629228683
9.41,8.857,9.963,169.446,155.599,183.294,199.18817179855864,95.21465438308876,52.96111776603247,220.7753568533933,166.06176518503077
9.41,8.857,9.963,169.446,155.599,183.294,199.18817179855864,95.21465438308876,52.96111776603247,220.7753568533933,166.06176518503077
9.44,9.44,9.44,174.33,169.27,179.38,198.97119462999885,95.39816673957193,52.87689648120483,220.6588917532218,165.8589709664213
9.447,8.809,10.084,179.11,163.166,195.055,198.9205941286,95.44089768143033,52.857302596020396,220.63174685142766,165.81170492437602
9.447,9.085,9.809,169.068,159.98,178.156,198.9205941286,95.44089768143033,52.857302596020396,220.63174685142766,165.81170492437602
9.447,8.809,10.084,179.11,163.166,195.055,198.9205941286,95.44089768143033,52.857302596020396,220.63174685142766,165.81170492437602
9.447,9.085,9.809,169.068,159.98,178.156,198.9205941286,95.44089768143033,52.857302596020396,220.63174685142766,165.81170492437602
9.45,9.45,9.45,235.58,210.58,260.58000000000004,198.89891143715678,95.45920069590612,52.848911882006746,220.6201168714839,165.79145419280763
9.453,9.269,9.638,199.12,194.499,203.741,198.87723069839817,95.47749756593196,52.840525162620146,220.60848902913148,165.77120715705067
9.453,9.269,9.638,199.12,194.499,203.741,198.87723069839817,95.47749756593196,52.840525162620146,220.60848902913148,165.77120715705067
9.498,8.978,10.018,212.639,199.633,225.645,198.55225862706445,95.75121485440971,52.71520158077348,220.43433160922103,165.46794961613884
9.498,8.978,10.018,212.639,199.633,225.645,198.55225862706445,95.75121485440971,52.71520158077348,220.43433160922103,165.46794961613884
9.5,9.5,9.5,146.01,139.96,152.06,198.53782602363856,95.76334811497797,52.70965232010431,220.42660276015468,165.45449118940303
9.52,8.967,10.073,190.702,176.879,204.525,198.3935508360794,95.88453157678288,52.65425592821496,220.34936897810053,165.3200002475551
9.52,8.967,10.073,190.702,176.879,204.525,198.3935508360794,95.88453157678288,52.65425592821496,220.34936897810053,165.3200002475551
9.572,9.413,9.732,163.145,154.799,171.491,198.0188793631653,96.19834343671418,52.51103873084929,220.14903557411245,164.97112874262464
9.572,9.413,9.732,163.145,154.799,171.491,198.0188793631653,96.19834343671418,52.51103873084929,220.14903557411245,164.97112874262464
9.577,9.396,9.758,188.017,183.463,192.57,197.9828879475911,96.22842166073593,52.49732935048074,220.12980955650875,164.9376455247967
9.577,9.396,9.758,188.017,183.463,192.57,197.9828879475911,96.22842166073593,52.49732935048074,220.12980955650875,164.9376455247967
9.585,8.828,10.342,167.46,148.506,186.415,197.92531461062578,96.27651188586148,52.475416658573174,220.09906157142882,164.88409530070467
9.585,8.828,10.342,167.46,148.506,186.415,197.92531461062578,96.27651188586148,52.475416658573174,220.09906157142882,164.88409530070467
9.61,9.61,9.61,144.07,137.98,150.16,197.74550172065344,96.42651716784836,52.40711594414181,220.00308330538076,164.71693387220384
9.618,8.997,10.238,192.827,176.993,208.661,197.6879952311913,96.47443047625082,52.38531597816359,219.97240552906737,164.66350118233953
9.618,8.997,10.238,192.827,176.993,208.661,197.6879952311913,96.47443047625082,52.38531597816359,219.97240552906737,164.66350118233953
9.669,9.419,9.92,220.832,213.886,227.779,197.32178446499472,96.77887403350877,52.24697781485576,219.77724423525652,164.32354906517264
9.669,9.419,9.92,220.832,213.886,227.779,197.32178446499472,96.77887403350877,52.24697781485576,219.77724423525652,164.32354906517264
9.834,8.92,10.748,184.67,161.761,207.579,196.14193660745113,97.75206138855589,51.80681009107925,219.15091786673716,163.23205029759436
9.834,8.92,10.748,184.67,161.761,207.579,196.14193660745113,97.75206138855589,51.80681009107925,219.15091786673716,163.23205029759436
9.869,9.142,10.596,187.174,168.994,205.353,195.89270077061317,97.95620651789126,51.71486314336757,219.01910558346447,163.00221752138586
9.869,9.142,10.596,187.174,168.994,205.353,195.89270077061317,97.95620651789126,51.71486314336757,219.01910558346447,163.00221752138586
10.15,10.15,10.15,197.75,185.9,209.6,193.90620940414908,99.5667606052167,50.9939827931153,217.9751312946095,161.17978711726977
10.15,10.15,10.15,174.85,163.07,186.63,193.90620940414908,99.5667606052167,50.9939827931153,217.9751312946095,161.17978711726977
10.242,9.389,11.095,198.292,176.909,219.675,193.2618501478389,100.08326006965028,50.76443634844146,217.63915472344357,160.59229898305668
10.242,9.389,11.095,198.292,176.909,219.675,193.2618501478389,100.08326006965028,50.76443634844146,217.63915472344357,160.59229898305668
10.25,10.25,10.25,142.04,136.02,148.07,193.20596763625576,100.12792543128523,50.74462196972082,217.61008106573308,160.54143438265575
10.26,10.26,10.26,184.31,170.77,197.85,193.13614846410664,100.18370168114663,50.719886593174515,217.57377122733894,160.4779038647661
10.32,10.32,10.32,152.17,145.16,159.18,192.7180340718501,100.51706967542268,50.57223013257856,217.35666990606146,160.09789975884962
10.36,10.36,10.36,168.29,163.13,173.44,192.44006425795976,100.73809277034545,50.474505925065465,217.21266460916686,159.84569556411998
10.38,10.38,10.38,135.12,124.85,145.39,192.30131466909756,100.84823956095242,50.42585578756798,217.14088294470602,159.7199358882761
10.39,10.39,10.39,155.44,149.19,161.69,192.23199918540297,100.90322204521327,50.40158341273808,217.10504768411624,159.6571420593427
10.4,9.68,11.12,214,198,230,192.16272342268354,100.95814402787373,50.37734605456195,217.069249592787,159.59440572041657
10.42,10.42,10.42,194.73,181.71,207.75,192.02429159529478,101.06780680520643,50.328976051997586,216.99776527671736,159.4691059577774
10.42,10.42,10.42,217.18,211.09,223.27,192.02429159529478,101.06780680520643,50.328976051997586,216.99776527671736,159.4691059577774
10.45,10.45,10.45,182.96,165.59,200.34,191.81694507860766,101.23184918721489,50.256681579363224,216.89081978994088,159.28159024160763
10.48,10.48,10.48,167.94,163.89,172,191.6099631420668,101.39535132173228,50.18469775404855,216.78421355108335,159.09459780185404
10.5,10.5,10.5,249.72,224.72,274.72,191.47217942295865,101.50405365643392,50.13688002260494,216.7133323117567,158.97022827142578
10.507,10.066,10.947,187.622,176.474,198.77,191.42399394652261,101.54204308686352,50.12017608077114,216.68855985652027,158.9267543244187
10.507,10.066,10.947,187.622,176.474,198.77,191.42399394652261,101.54204308686352,50.12017608077114,216.68855985652027,158.9267543244187
10.508,9.453,11.563,143.702,117.299,170.104,191.4171119550346,101.5474677645411,50.11779116601255,216.68502246024474,158.92054610878847
10.508,9.453,11.563,143.702,117.299,170.104,191.4171119550346,101.5474677645411,50.11779116601255,216.68502246024474,158.92054610878847
10.57,10.57,10.57,166.9,158.85,174.96,190.9912386406623,101.88263744859445,49.9705880884782,216.46645248392682,158.53678771140918
10.701,9.991,11.41,208.617,190.831,226.404,190.09674859668758,102.58337149700789,49.663780087083644,216.00954130483535,157.73346892804156
10.701,9.991,11.41,208.617,190.831,226.404,190.09674859668758,102.58337149700789,49.663780087083644,216.00954130483535,157.73346892804156
10.747,9.195,12.299,170.272,131.465,209.078,189.7844080533647,102.82705764904928,49.557379057400965,215.85070146961985,157.45383896807382
10.747,9.195,12.299,170.272,131.465,209.078,189.7844080533647,102.82705764904928,49.557379057400965,215.85070146961985,157.45383896807382
10.91,10.91,10.91,178.67,176.14,181.2,188.6851755131013,103.68077246718266,49.18578181022778,215.29467721660365,156.47338060305592
10.97,9.743,12.197,350.982,320.279,381.685,188.2835666176666,103.99122686847436,49.0510874948892,215.09271657561953,156.1166021246753
10.97,9.743,12.197,350.982,320.279,381.685,188.2835666176666,103.99122686847436,49.0510874948892,215.09271657561953,156.1166021246753
10.97,10.97,10.97,181.99,170.68,193.31,188.2835666176666,103.99122686847436,49.0510874948892,215.09271657561953,156.1166021246753
10.997,11.744,10.249,211.471,192.755,230.187,188.10338064000888,104.13027218680814,48.99083500462512,215.00231485707036,155.9567821364263
10.997,11.744,10.249,211.471,192.755,230.187,188.10338064000888,104.13027218680814,48.99083500462512,215.00231485707036,155.9567821364263
11.04,11.04,11.04,197.1,191.61,202.6,187.81711243763598,104.35087493648476,48.8953340454285,214.85896030750376,155.70319335116676
11.12,11.12,11.12,188.01,176.41,199.61,187.28681001415023,104.75857148146444,48.71913407037318,214.59428581421616,155.23448321506774
11.2,10.4,12,225,207,243,186.7595169028896,105.16275230668228,48.54482533956311,214.33226921422101,154.76980276696685
11.2,11.2,11.2,205.63,195.82,215.45,186.7595169028896,105.16275230668228,48.54482533956311,214.33226921422101,154.76980276696685
11.29,11.29,11.29,210.95,197.68,224.22,186.16995136375203,105.61329980032127,48.35094685110311,214.04069679734818,154.25187879382426
11.3,10.799,11.801,195.921,183.382,208.459,186.10468378044908,105.66309117231465,48.32954789150177,214.00850955303116,154.19464914360483
11.3,10.799,11.801,195.921,183.382,208.459,186.10468378044908,105.66309117231465,48.32954789150177,214.00850955303116,154.19464914360483
11.39,11.39,11.39,122.94,120.27,125.61,185.51944897140484,106.10880881514794,48.13822717960501,213.72071788861112,153.68244766886602
11.404,9.755,13.052,149.153,107.938,190.368,185.42876553167875,106.17775561477137,48.108669912640735,213.67625716020115,153.603236139014
11.404,9.755,13.052,149.153,107.938,190.368,185.42876553167875,106.17775561477137,48.108669912640735,213.67625716020115,153.603236139014
11.44,11.44,11.44,261.96,236.95999999999998,286.96,185.19601818111275,106.35457186221292,48.03291480848103,213.56230965723717,153.40012424412566
11.457,10.366,12.547,219.98,189.632,250.328,185.08632975672126,106.43783110830823,47.997265743224595,213.50869151829514,153.3044982629003
11.457,10.366,12.547,219.98,189.632,250.328,185.08632975672126,106.43783110830823,47.997265743224595,213.50869151829514,153.3044982629003
11.59,11.59,11.59,207.49,200.24,214.75,184.23307924165988,107.0840010259933,47.72107696440347,213.09343200248728,152.56275216880218
11.694,10.713,12.675,201.978,177.328,226.629,183.57197211350785,107.58291089591147,47.508400554445046,212.77394498030094,151.99064336112298
11.694,10.713,12.675,201.978,177.328,226.629,183.57197211350785,107.58291089591147,47.508400554445046,212.77394498030094,151.99064336112298
11.745,10.424,13.065,224.305,191.264,257.346,183.2497441710932,107.82555313236467,47.40514110749656,212.61895175894247,151.71262748464673
11.745,10.424,13.065,224.305,191.264,257.346,183.2497441710932,107.82555313236467,47.40514110749656,212.61895175894247,151.71262748464673
11.839,10.293,13.385,215.606,176.902,254.309,182.65924580343844,108.26933942388871,47.216570969684945,212.336171993295,151.20458225943753
11.839,10.293,13.385,215.606,176.902,254.309,182.65924580343844,108.26933942388871,47.216570969684945,212.336171993295,151.20458225943753
11.839,10.293,13.385,215.606,176.902,254.309,182.65924580343844,108.26933942388871,47.216570969684945,212.336171993295,151.20458225943753
11.839,10.293,13.385,215.606,176.902,254.309,182.65924580343844,108.26933942388871,47.216570969684945,212.336171993295,151.20458225943753
11.841,10.667,13.015,215.109,185.754,244.464,182.6467301985658,108.27873359235544,47.21258325201645,212.33019615822892,151.193834423862
11.841,10.667,13.015,215.109,185.754,244.464,182.6467301985658,108.27873359235544,47.21258325201645,212.33019615822892,151.193834423862
11.92,10.96,12.88,223,202,244,182.15397439066578,108.64821290638287,47.05587207505526,212.09550809497597,150.77134827349266
12.022,11.439,12.605,195.996,181.021,210.97,181.52241636075405,109.1207112039484,46.8558253662515,211.79640519872487,150.23177928389677
12.022,11.439,12.605,195.996,181.021,210.97,181.52241636075405,109.1207112039484,46.8558253662515,211.79640519872487,150.23177928389677
12.049,11.376,12.722,219.964,203.021,236.907,181.35612023257366,109.24493367867306,46.80329748804794,211.717967778527,150.09006761103836
12.049,11.376,12.722,219.964,203.021,236.907,181.35612023257366,109.24493367867306,46.80329748804794,211.717967778527,150.09006761103836
12.15,12.15,12.15,73.33,66.61,80.06,180.7373266287341,109.7064928960083,46.608359300033996,211.42728258302816,149.5640937515561
12.18,12.18,12.18,244.3,240.15,248.45,180.55452392218405,109.84264646611142,46.55092445467983,211.34176844969778,149.4091183682892
12.27,12.27,12.27,193.94,187.29,200.59,180.008860058116,110.24854065054981,46.37988557463254,211.08749469117853,148.94763142066185
12.335,11.939,12.732,203.363,193.18,213.547,179.61733121230264,110.53931197574548,46.257523410648744,210.90596284576975,148.6175362532852
12.335,11.939,12.732,203.363,193.18,213.547,179.61733121230264,110.53931197574548,46.257523410648744,210.90596284576975,148.6175362532852
12.465,11.687,13.243,205.838,186.377,225.299,178.8407218083674,111.11495593243023,46.015676668425954,210.54818263001886,147.9653675194881
12.465,11.687,13.243,205.838,186.377,225.299,178.8407218083674,111.11495593243023,46.015676668425954,210.54818263001886,147.9653675194881
12.51,12.51,12.51,284.3,259.3,309.3,178.57389831849645,111.31240447410399,45.93284009960121,210.4259692872323,147.74209922428622
12.52,12.52,12.52,103.42,100.82,106.03,178.5147440332153,111.35615636418028,45.91449264925886,210.39892442084428,147.6926568721396
12.6,12.6,12.6,191.23,182.61,199.86,178.0433392297917,111.7045376501658,45.768500252166795,210.18404881372896,147.29937484033638
12.656,12.165,13.146,210.216,197.842,222.589,177.71528966577227,111.94668757599142,45.66713024896867,210.0351995267126,147.02645783461733
12.656,12.165,13.146,210.216,197.842,222.589,177.71528966577227,111.94668757599142,45.66713024896867,210.0351995267126,147.02645783461733
12.716,11.962,13.471,182.367,163.456,201.279,177.3655731266729,112.20457855720463,45.55926348095013,209.87714020291264,146.73621345589765
12.716,11.962,13.471,182.367,163.456,201.279,177.3655731266729,112.20457855720463,45.55926348095013,209.87714020291264,146.73621345589765
12.72,11.84,13.6,222.5,205.5,239.5,177.3423235596445,112.22171438709117,45.552099511493005,209.86665505866222,146.71694332158103
12.992,12.211,13.773,231.11,211.352,250.868,175.78031723136257,113.37051270698956,45.07273879088627,209.16881478223314,145.42970520625298
12.992,12.211,13.773,231.11,211.352,250.868,175.78031723136257,113.37051270698956,45.07273879088627,209.16881478223314,145.42970520625298
13.12,13.12,13.12,229.08,216.6,241.56,175.0581294994705,113.90011315519592,44.852332879406035,208.85062719709467,144.83956317810006
13.15,12.93,13.39,200,194,206,174.89005170332248,114.02323837937378,44.801141309125235,208.77698406507912,144.70267785918827
13.17,13.17,13.17,148.13,136.81,159.44,174.7782491398448,114.10511258875293,44.7671108132849,208.72808409814346,144.611720973724
13.44,12.64,14.24,218,204,232,173.28832667063395,115.19425992881014,44.31515981438563,208.0830643777975,143.40706713430433
13.53,13.53,13.53,271.54,246.54000000000002,296.54,172.7996607275237,115.55073658273625,44.16752422422076,207.87422993810512,143.0150274466016
13.569,11.827,15.311,190.135,146.541,233.728,172.5891336736918,115.70420725479553,44.10400543313608,207.78467854655727,142.84660113552496
13.569,11.827,15.311,190.135,146.541,233.728,172.5891336736918,115.70420725479553,44.10400543313608,207.78467854655727,142.84660113552496
13.61,13.61,13.61,241.58,235.66,247.5,172.3686080759205,115.86489952513772,44.03752387094877,207.69114567549707,142.67048228280493
13.685,13.103,14.267,196.967,182.4,211.534,171.96731595415713,116.15713998608692,43.91668528991952,207.52165893280704,142.3508057671698
13.685,13.103,14.267,196.967,182.4,211.534,171.96731595415713,116.15713998608692,43.91668528991952,207.52165893280704,142.3508057671698
13.78,13.78,13.78,178.3,164.1,192.51,171.46290677118336,116.52416868535597,43.765041580329196,207.30993774114353,141.95047333190638
14.26,13.595,14.925,211.374,194.631,228.116,168.9797521181597,118.3264414539556,43.02215805459309,206.2893680563084,140.0042943390181
14.26,13.595,14.925,211.374,194.631,228.116,168.9797521181597,118.3264414539556,43.02215805459309,206.2893680563084,140.0042943390181
14.4,13.52,15.28,225,209,241,168.2756673531479,118.83620157775734,42.8125117625266,206.0066577287653,139.46005264349924
14.59,14.59,14.59,251.43,226.43,276.43,167.33433463938252,119.51693515046588,42.53283274228033,205.63335657661557,138.73776389422775
14.63,14.63,14.63,131.58,120.82,142.35,167.13821939842444,119.65864737001908,42.474648265324426,205.5562606054567,138.58805927777595
15.113,14.339,15.886,259.059,239.7,278.419,164.82531982313404,121.32723096703623,41.790408177659366,204.66480652258457,136.84297216782417
15.113,14.339,15.886,259.059,239.7,278.419,164.82531982313404,121.32723096703623,41.790408177659366,204.66480652258457,136.84297216782417
15.6,14.32,16.88,235,210,260,162.59272604873715,122.93338903983224,41.13293080975491,203.83574932964638,135.1948904915501
15.705,13.377,18.034,177.105,118.673,235.537,162.1239185507683,123.27011052844196,40.995197576500395,203.66562084934822,134.85343671057967
15.705,13.377,18.034,177.105,118.673,235.537,162.1239185507683,123.27011052844196,40.995197576500395,203.66562084934822,134.85343671057967
16.05,16.05,16.05,320.7,295.7,345.7,160.6137250112495,124.35350921829388,40.55220146691488,203.12696501669484,133.7644966755131
16.083,13.378,18.788,319.194,251.561,386.828,160.4716473759959,124.4553305884533,40.510576464937316,203.07702706964955,133.66291770787686
16.083,13.378,18.788,319.194,251.561,386.828,160.4716473759959,124.4553305884533,40.510576464937316,203.07702706964955,133.66291770787686
16.197,13.613,18.781,198.296,133.654,262.938,159.98395874624498,124.8046985264208,40.36776111127172,202.90657907123415,133.31538126564948
16.197,13.613,18.781,198.296,133.654,262.938,159.98395874624498,124.8046985264208,40.36776111127172,202.90657907123415,133.31538126564948
16.488,13.679,19.297,213.225,142.786,283.663,158.76063304201827,125.68008438664022,40.00994596234785,202.48560989693908,132.45138741569278
16.488,13.679,19.297,213.225,142.786,283.663,158.76063304201827,125.68008438664022,40.00994596234785,202.48560989693908,132.45138741569278
16.88,15.6,18.16,232,212,252,157.1600104362405,126.82322038004925,39.542646569263965,201.94899877911195,131.337722755453
17.76,15.6,19.92,222,189,255,153.75101343447128,129.24806843786962,38.550540677848645,200.8592475517301,129.0289358966255
18.64,18.64,18.64,286.46,261.46,311.46,150.5726496130051,131.49376560101533,37.62954787166909,199.90681129820356,126.95168024539598
19.52,17.28,21.76,219.5,189.5,249.5,147.5976598817467,133.57837154857444,36.77155938453253,199.06845693915645,125.06911731363067
20.24,17.44,23.04,202.5,168.5,236.5,145.2979053549976,135.17529096175872,36.11159741750597,198.45362326535127,123.65087594773333
25,25,25,188,163,213,132.3963527157976,143.77741834976555,32.49241188535581,195.4500965458175,116.03884523788788
26.3,26.3,26.3,189.64,164.64,214.64,129.39797453777504,145.66180866487878,31.679190824579216,194.83633726284847,114.25767472585657
27,27,27,213,188,238,127.85553102265781,146.61118261313817,31.265837914386175,194.5298837718996,113.32102183714456
28.26,28.26,28.26,237.99,212.99,262.99,125.19394773658111,148.21618884919488,30.560881397704176,194.0143375806283,111.65588447365906
29,29,29,220,195,245,123.69446496765298,149.10153918673234,30.168447066200237,193.73071426979928,110.6823330907957
29.51,29.51,29.51,209.82,184.82,234.82,122.6866628262823,149.688853565725,29.90662116661583,193.54268293394856,110.01033315113409
31,31,31,195,170,220,119.85423984303151,151.3061025837219,29.179047251244427,193.02480536818757,108.02886191958972
32.04,32.04,32.04,179.14,154.14,204.14,117.96940054954901,152.3550806141245,28.701573095648886,192.68847930002536,106.61790137177982
33,33,33,200,175,225,116.29192286498676,153.27054407975496,28.281014486756344,192.39457114518626,105.28597882121883
33.99,33.99,33.99,170.37,145.37,195.37,114.62111473141928,154.16564954486918,27.86611158999026,192.10686464013878,103.87551062193145
35,35,35,175,150,200,112.97505177249556,155.0314676181271,27.461100151308404,191.82835628454006,102.39076535710159
36.49,36.49,36.49,175.92,150.92,200.92,110.64816032908196,156.2289119605304,26.894595854812632,191.44317255149474,100.10097451132432
37,37,37,206,181,231,109.87811969691231,156.61851224649217,26.70859804531461,191.31795411417508,99.28650366556226
38.41,38.41,38.41,191.57,166.57,216.57,107.8155634312073,157.64618511376298,26.213789074681902,190.9882598457599,96.94264237016127
39,39,39,194,169,219,106.98034425725707,158.05590699632947,26.014749639392356,190.85718166690398,95.91826972823168
40.42,40.42,40.42,197.59,172.59,222.59,105.03413455907555,158.99671135486813,25.55370045526136,190.55740249131557,93.33543154523775
41,41,41,218,193,243,104.2642460808362,159.36363405260698,25.372310984860412,190.44106928196555,92.22886972846692
42.4,42.4,42.4,192.79,167.79,217.79,102.46291750692396,160.2109023019403,24.949912444174352,190.17408519678114,89.42139829740351
43,43,43,231,206,256,101.71473445556198,160.55830859839782,24.77523179588433,190.0654036518583,88.15439189585634
44.49,44.49,44.49,213.22,188.22,238.22,99.91566665840197,161.38322182034074,24.356829236129318,189.80960125585375,84.82385928444758
45,45,45,213,188,238,99.3185114998723,161.65385144566417,24.218413909523704,189.72647262247597,83.61844926114863
45.99,45.99,45.99,179.39,154.39,204.39,98.18539161890124,162.16315256368327,23.956327933058414,189.57125092362875,81.1735702549515
47,47,47,207,182,232,97.06367777190763,162.66200846043608,23.69752691701628,189.42092423750788,78.52358692623355
48.06,48.06,48.06,213.03,188.03,238.03,95.92222075876434,163.1643737152073,23.43473629983822,189.2714592461551,75.55328067831155
49,49,49,200,175,225,94.93946636529859,163.59275551688077,23.208865632396588,189.1456896980039,72.7368107510898
49.49,49.49,49.49,178.57,153.57,203.57,94.43781714879874,163.8099829612878,23.09368444682129,189.08255293814747,71.19313212952402
51,51,51,181,156,206,92.93605963397971,164.45461705580556,22.749238622549775,188.89794136321942,66.0621829430616
51.39,51.39,51.39,183.31,158.31,208.31,92.55869056710279,164.61529674570536,22.662751951186426,188.85260687153175,64.63327699978406
53,53,53,195,170,220,91.04445941145721,165.25491880842398,22.315880103128993,188.67506931204048,58.18124065898835
53.89,53.89,53.89,157.89,132.89,182.89,90.23645211116194,165.59295122199117,22.130838167997,188.58325159997312,54.148108056750644
55,55,55,163,138,188,89.25639202606956,165.99998989375368,21.906379624207837,188.4746671630905,48.49555447922076
56.89,56.89,56.89,191.76,166.76,216.76,87.65493300256446,166.65829109443317,21.53941913755353,188.30393854139345,36.395835194456836
57.98,57.98,57.98,210.72,185.72,235.72,86.76794135603897,167.01936078015834,21.335992434939964,188.21302431706928,26.636567465697105
60.92,60.92,60.92,168.02,143.02,193.02,84.49942747951239,167.9317203930969,20.814788716295133,187.99259548862727,0
64.73,64.73,64.73,206.47,181.47,231.47,81.80362628040172,168.99592249492179,20.192921208748697,187.75370859861397,0
69.31,69.31,69.31,203.62,178.62,228.62,78.88004165806322,170.12629803608124,19.514346169878035,187.52338055677038,0
72.96,72.96,72.96,190.53,165.53,215.53,76.7641221750447,170.9291830278237,19.019957472439394,187.37533472649073,0
76.95,76.95,76.95,222.72,197.72,247.72,74.63883612287745,171.72264939348585,18.520284000789925,187.24215383426838,0
81.13,81.13,81.13,186.29,161.29,211.29,72.59584703965105,172.4728308085219,18.036871706291823,187.12839008154117,0
84.9,84.9,84.9,122.25,97.25,147.25,70.89413835606369,173.08796141949105,17.63185919898564,187.04390190969585,0
89.35,89.35,89.35,143.95,118.94999999999999,168.95,69.03594422112884,173.7491177142018,17.18718199687426,186.96180759975113,0
92.44,92.44,92.44,154.66,129.66,179.66,67.83085160373683,174.1717709633631,16.897481739943917,186.91396478006232,0
97.41,97.41,97.41,184,159,209,66.02193699407519,174.79674349049083,16.460771357013886,186.8496660401888,0
100.72,100.72,100.72,108.68,83.68,133.68,64.8966305489579,175.17958413946494,16.188033544431814,186.81396991628813,0
106.77,106.77,106.77,137.15,112.15,162.15,62.98387953736424,175.81938395754764,15.722707420887028,186.7603406957397,0
119.98,119.98,119.98,150.18,125.18,175.18,59.344144729490225,176.99658686470232,14.831925159735171,186.68025946904186,0
189.49,189.49,189.49,125.01,100.01,150.01,47.10540597570846,180.52012411298347,11.80208685221256,186.5648264864073,0
